%YAML:1.0
---
image_width: 4624
image_height: 3472
camera_matrix: !!opencv-matrix
   rows: 3
   cols: 3
   dt: f
   data: [ 6.88235107e+03, 0., 2.26830347e+03, 0., 6.91135596e+03,
       1.65099207e+03, 0., 0., 1. ]
distortion_coefficients: !!opencv-matrix
   rows: 5
   cols: 1
   dt: f
   data: [ 1.40047684e-01, -1.30502439e+00, -8.25507473e-03,
       -2.55029998e-04, 6.23662043e+00 ]
